 nvar =            4
 npart =          100
 xtol =    1.0000000474974513E-003
 xquicktol =    1.0000000474974513E-003
 xquicknum =            5
 ftol =    1.0000000474974513E-003
 maxit =         5000
 phi =    2.0499999523162842        2.0499999523162842     
 newrun =            1
 psoseed =            4
 lb =    9.9999997764825821E-003   9.9999997764825821E-003   9.9999997764825821E-003   9.9999997764825821E-003
 ub =    1.0000000000000000        2500.0000000000000        10.000000000000000        10.000000000000000     
